data20
20
0 175 329 283 210 234 227 317 364 492 585 629 959 197 643 425 208 17 509 417 
518 0 555 183 880 586 97 93 803 175 280 737 494 275 969 599 395 716 404 354 
636 22 0 908 197 155 428 396 933 984 902 384 877 235 658 799 18 986 685 167 
744 533 771 0 497 540 736 14 910 36 257 372 155 947 234 804 377 234 441 754 
65 835 847 73 0 286 271 558 544 618 428 759 1000 494 375 370 509 276 544 462 
787 967 158 428 994 0 230 432 799 533 156 726 887 624 332 391 175 361 923 892 
123 393 414 869 790 250 0 646 474 507 394 249 973 586 977 267 238 53 272 685 
295 523 290 124 618 13 599 0 333 543 632 735 888 82 250 900 666 629 408 643 
120 978 559 613 128 187 754 832 0 170 997 164 835 424 858 870 715 394 606 995 
951 820 69 385 882 468 403 683 98 0 631 828 677 949 571 805 728 220 634 610 
887 322 893 370 145 422 591 575 272 702 0 700 835 824 55 322 40 340 587 647 
166 982 195 875 418 629 957 119 92 100 143 0 334 498 873 669 883 972 499 943 
411 664 128 638 780 127 917 928 911 127 599 818 0 802 362 594 38 48 487 336 
950 813 888 348 791 877 708 872 193 980 941 388 182 0 188 476 879 465 226 827 
506 529 737 140 843 638 772 433 88 884 342 116 70 765 0 860 759 800 372 381 
926 475 167 257 324 786 868 232 195 933 920 860 192 943 923 0 498 646 184 600 
789 570 384 628 956 55 606 733 396 187 136 573 584 673 84 654 0 177 385 326 
833 473 837 666 458 900 461 4 582 433 349 470 47 85 645 522 575 0 474 121 
225 740 254 170 388 955 534 302 529 280 132 139 455 84 310 482 493 96 0 26 
321 745 153 863 785 589 580 981 514 430 668 488 659 175 162 193 854 475 181 0 