data20
20
0 224 715 102 712 113 592 235 991 790 668 410 619 601 694 628 136 71 743 110 
940 0 948 21 494 501 533 135 520 166 335 833 740 646 326 938 202 618 473 964 
785 356 0 468 44 884 523 917 275 159 349 588 980 96 27 636 879 257 68 623 
461 53 620 0 353 629 969 110 131 886 181 576 539 854 859 838 642 459 31 873 
111 184 215 842 0 858 266 926 58 219 172 427 275 268 591 295 356 300 774 687 
369 6 721 359 122 0 129 703 864 565 353 146 274 54 454 566 94 454 859 403 
85 225 314 707 845 564 0 270 317 526 31 401 699 239 728 767 649 927 104 426 
919 768 594 391 993 214 225 0 50 301 345 185 14 309 703 265 903 725 71 71 
875 855 361 612 638 733 921 650 0 677 303 717 147 446 646 333 140 998 472 555 
930 603 5 547 731 195 793 620 457 0 36 275 528 162 781 700 129 380 132 13 
820 527 986 435 738 722 805 532 36 883 0 93 710 944 186 113 29 66 181 258 
14 244 161 359 371 824 295 435 310 29 925 0 836 872 585 447 621 844 638 310 
415 728 920 432 347 884 901 623 716 231 294 854 0 739 22 694 282 586 997 128 
694 196 187 670 385 765 689 583 195 30 292 704 470 0 788 819 279 786 114 131 
355 652 844 201 880 463 158 679 194 35 27 179 400 437 0 946 724 531 671 302 
39 975 178 37 817 633 74 804 965 201 641 497 633 874 990 0 529 36 728 415 
483 274 145 412 364 139 87 606 476 201 269 312 129 769 480 269 0 987 652 760 
2 407 758 799 157 512 694 665 903 403 800 69 46 898 447 355 486 0 804 375 
430 136 562 250 180 843 61 928 539 267 438 613 598 519 606 62 673 887 0 159 
44 881 966 162 828 855 388 571 422 735 407 923 349 460 196 660 854 967 880 0 